0 5 4 6 5 4 4 5 6 6 6 7 5 5 5 6 4 6 6 6 6 6 5 6 4 6 5 4 6 6 6 6 4 6 4
5 0 5 5 5 4 5 5 5 5 6 5 5 5 4 5 5 5 5 5 5 6 5 5 5 5 5 5 5 5 5 5 5 5 5
6 5 0 6 6 5 6 6 6 6 5 6 4 5 5 6 5 6 5 6 6 6 5 6 5 6 5 6 4 6 6 5 7 4 7
4 5 4 0 4 4 6 5 5 6 5 4 4 4 4 5 4 5 5 5 5 4 6 6 6 6 6 5 5 5 6 4 7 6 6
5 5 4 6 0 6 4 5 5 6 5 4 5 6 5 6 6 6 6 4 6 7 6 6 5 6 6 6 6 5 6 4 5 6 4
6 6 5 6 4 0 6 6 6 6 5 7 5 5 4 6 4 6 6 4 6 6 5 5 5 6 6 5 5 6 6 6 6 6 5
6 5 4 4 6 4 0 5 6 6 5 6 6 6 6 6 5 6 6 5 6 6 6 5 5 6 5 4 5 6 6 6 6 4 6
5 5 4 5 5 4 5 0 4 6 5 6 4 6 4 5 5 5 5 4 5 6 5 5 5 5 5 4 5 5 6 5 5 5 5
4 5 4 5 5 4 4 6 0 6 4 4 5 5 4 5 4 5 5 4 5 6 5 5 4 6 5 4 5 4 6 4 4 4 4
4 5 4 4 4 4 4 4 4 0 4 4 4 4 4 4 4 4 5 4 5 5 4 4 5 5 4 4 4 4 5 4 4 4 4
4 4 5 5 5 5 5 5 6 6 0 4 5 5 5 5 5 6 5 4 5 6 5 5 5 6 5 5 5 5 6 5 6 4 4
3 5 4 6 6 3 4 4 6 6 6 0 5 6 6 4 4 6 5 6 6 7 4 5 6 5 6 4 6 6 6 4 6 4 6
5 5 6 6 5 5 4 6 5 6 5 5 0 5 4 6 5 6 6 4 5 6 6 6 5 6 5 6 6 5 6 6 6 6 5
5 5 5 6 4 5 4 4 5 6 5 4 5 0 5 5 5 6 6 4 5 6 5 5 5 6 5 5 5 5 6 5 5 5 4
5 6 5 6 5 6 4 6 6 6 5 4 6 5 0 6 4 6 6 4 6 6 6 6 5 6 6 4 4 4 6 4 6 6 6
4 5 4 5 4 4 4 5 5 6 5 6 4 5 4 0 4 6 5 6 5 6 5 5 5 6 4 4 4 5 6 5 5 5 5
6 5 5 6 4 6 5 5 6 6 5 6 5 5 6 6 0 6 6 4 6 6 5 6 6 6 6 5 6 6 6 6 6 6 4
4 5 4 5 4 4 4 5 5 6 4 4 4 4 4 4 4 0 5 4 5 5 4 4 4 5 5 4 4 4 5 4 4 4 4
4 5 5 5 4 4 4 5 5 5 5 5 4 4 4 5 4 5 0 4 5 6 4 5 5 6 5 4 5 4 5 4 4 4 4
4 5 4 5 6 6 5 6 6 6 6 4 6 6 6 4 6 6 6 0 5 6 4 6 6 6 5 6 6 6 6 6 6 4 6
4 5 4 5 4 4 4 5 5 5 5 4 5 5 4 5 4 5 5 5 0 6 5 4 5 5 5 5 4 4 5 6 5 5 4
4 4 4 6 3 4 4 4 4 5 4 3 4 4 4 4 4 5 4 4 4 0 4 4 4 5 4 4 4 4 5 4 5 4 4
5 5 5 4 4 5 4 5 5 6 5 6 4 5 4 5 5 6 6 6 5 6 0 5 5 6 5 4 5 6 6 6 5 4 6
4 5 4 4 4 5 5 5 5 6 5 5 4 5 4 5 4 6 5 4 6 6 5 0 5 6 5 6 5 5 6 4 6 5 6
6 5 5 4 5 5 5 5 6 5 5 4 5 5 5 5 4 6 5 4 5 6 5 5 0 5 5 5 4 5 5 5 5 6 5
4 5 4 4 4 4 4 5 4 5 4 5 4 4 4 4 4 5 4 4 5 5 4 4 5 0 4 4 4 4 5 4 4 4 4
5 5 5 4 4 4 5 5 5 6 5 4 5 5 4 6 4 5 5 5 5 6 5 5 5 6 0 4 4 5 6 6 5 6 5
6 5 4 5 4 5 6 6 6 6 5 6 4 5 6 6 5 6 6 4 5 6 6 4 5 6 6 0 4 4 6 5 6 5 4
4 5 6 5 4 5 5 5 5 6 5 4 4 5 6 6 4 6 5 4 6 6 5 5 6 6 6 6 0 6 6 6 6 5 5
4 5 4 5 5 4 4 5 6 6 5 4 5 5 6 5 4 6 6 4 6 6 4 5 5 6 5 6 4 0 6 4 6 4 6
4 5 4 4 4 4 4 4 4 5 4 4 4 4 4 4 4 5 5 4 5 5 4 4 5 5 4 4 4 4 0 4 4 4 4
4 5 5 6 6 4 4 5 6 6 5 6 4 5 6 5 4 6 6 4 4 6 4 6 5 6 4 5 4 6 6 0 6 4 6
6 5 3 3 5 4 4 5 6 6 4 4 4 5 4 5 4 6 6 4 5 5 5 4 5 6 5 4 4 4 6 4 0 5 5
4 5 6 4 4 4 6 5 6 6 6 6 4 5 4 5 4 6 6 6 5 6 6 5 4 6 4 5 5 6 6 6 5 0 4
6 5 3 4 6 5 4 5 6 6 6 4 5 6 4 5 6 6 6 4 6 6 4 4 5 6 5 6 5 4 6 4 5 6 0
